0 0.27109375 0.3078125 0.01953125 0.0296875
0 0.578125 0.38515625 0.0234375 0.02734375
0 0.79609375 0.171875 0.02578125 0.03046875
0 0.4515625 0.2765625 0.01953125 0.02578125
0 0.58515625 0.17421875 0.02109375 0.028125
0 0.79453125 0.32890625 0.021875 0.03125
0 0.87578125 0.2890625 0.02578125 0.03046875
0 0.9421875 0.28359375 0.02265625 0.02734375
0 0.73125 0.60390625 0.0203125 0.028125
0 0.79375 0.52265625 0.021875 0.02578125
0 0.73671875 0.4640625 0.02109375 0.0265625
0 0.73046875 0.4078125 0.0203125 0.028125
0 0.64609375 0.43984375 0.02109375 0.02578125
0 0.69375 0.321875 0.021875 0.02890625
0 0.6703125 0.23359375 0.02421875 0.02890625
0 0.70703125 0.08046875 0.02265625 0.03046875
0 0.8421875 0.071875 0.01953125 0.02734375
0 0.4578125 0.121875 0.0265625 0.0359375
0 0.36640625 0.5375 0.02265625 0.02890625
0 0.49375 0.5390625 0.02109375 0.0296875
0 0.5796875 0.4921875 0.01796875 0.02578125
0 0.86953125 0.57421875 0.021875 0.02734375
0 0.1765625 0.56015625 0.0234375 0.02890625
0 0.30703125 0.6140625 0.025 0.02890625
0 0.4984375 0.64765625 0.02109375 0.0265625
0 0.55703125 0.77109375 0.021875 0.02890625
0 0.23046875 0.86328125 0.0390625 0.03828125
0 0.26953125 0.55 0.0234375 0.028125
0 0.1828125 0.35 0.021875 0.03125
0 0.9328125 0.6546875 0.0203125 0.0265625
0 0.925 0.7640625 0.021875 0.02890625
0 0.753125 0.6296875 0.01796875 0.025
0 0.45625 0.91640625 0.03203125 0.03125
0 0.25703125 0.690625 0.02109375 0.02890625
0 0.3421875 0.2453125 0.01953125 0.02890625
0 0.70625 0.728125 0.0203125 0.0265625
0 0.853125 0.67734375 0.02109375 0.025
0 0.86640625 0.690625 0.0203125 0.0265625
0 0.971875 0.75078125 0.01796875 0.021875
0 0.94609375 0.84140625 0.01953125 0.025
0 0.8734375 0.88984375 0.015625 0.02265625
0 0.859375 0.7734375 0.02109375 0.02421875
0 0.77890625 0.6984375 0.01875 0.021875
0 0.8703125 0.61171875 0.01796875 0.01953125
0 0.69921875 0.7703125 0.01953125 0.0234375
0 0.9234375 0.4875 0.02109375 0.0265625
0 0.92578125 0.371875 0.01953125 0.02109375
0 0.86015625 0.48828125 0.01875 0.0234375
0 0.8734375 0.43125 0.01796875 0.0234375
0 0.59921875 0.85 0.021875 0.02734375