0 0.5890625 0.2984375 0.02265625 0.02890625
0 0.7609375 0.3859375 0.03359375 0.0390625
0 0.76640625 0.115625 0.03828125 0.04140625
0 0.61171875 0.3328125 0.02109375 0.0265625
0 0.59453125 0.6171875 0.025 0.028125
0 0.42109375 0.79296875 0.025 0.0328125
0 0.52421875 0.815625 0.02578125 0.03046875
0 0.75625 0.271875 0.0390625 0.03984375
0 0.5265625 0.4671875 0.0203125 0.02421875
0 0.3875 0.5984375 0.0234375 0.03203125
0 0.496875 0.6109375 0.021875 0.0265625
0 0.709375 0.65625 0.03203125 0.040625
0 0.72109375 0.68515625 0.03671875 0.03984375
0 0.42734375 0.1546875 0.03203125 0.03828125
0 0.3296875 0.753125 0.0234375 0.0265625
0 0.1578125 0.6296875 0.03125 0.03515625
0 0.1625 0.328125 0.034375 0.04375
0 0.11484375 0.4375 0.0359375 0.04375
0 0.140625 0.0984375 0.0328125 0.04453125
0 0.090625 0.225 0.02890625 0.03828125
0 0.94140625 0.3671875 0.0359375 0.04921875
0 0.78515625 0.50234375 0.0375 0.04375
0 0.79921875 0.759375 0.03359375 0.0421875
0 0.6578125 0.82734375 0.02578125 0.034375
0 0.7046875 0.93203125 0.02890625 0.0328125
0 0.93671875 0.890625 0.034375 0.04609375
0 0.9375 0.95625 0.0359375 0.05
0 0.94765625 0.67734375 0.03984375 0.04453125
0 0.103125 0.7921875 0.02734375 0.03203125
0 0.23359375 0.90703125 0.028125 0.03125
0 0.5328125 0.9484375 0.02734375 0.03046875
0 0.71171875 0.984375 0.02265625 0.02734375
0 0.62265625 0.0234375 0.04375 0.04609375
0 0.5078125 0.64375 0.02109375 0.0265625
0 0.12109375 0.89609375 0.02421875 0.03046875