0 0.33984375 0.20078125 0.03203125 0.04140625
0 0.44453125 0.31796875 0.02890625 0.0390625
0 0.6015625 0.415625 0.0296875 0.03671875
0 0.71484375 0.6046875 0.03203125 0.04296875
0 0.52890625 0.53359375 0.02734375 0.0359375
0 0.43046875 0.371875 0.03125 0.03828125
0 0.5734375 0.16953125 0.0296875 0.0421875
0 0.79453125 0.41875 0.03125 0.04375
0 0.78671875 0.475 0.03046875 0.04375
0 0.8765625 0.57890625 0.03046875 0.03828125
0 0.60625 0.70703125 0.0296875 0.04140625
0 0.24609375 0.4546875 0.03046875 0.0421875
0 0.7140625 0.09921875 0.028125 0.03984375
0 0.79453125 0.8546875 0.0296875 0.03515625
0 0.7921875 0.8984375 0.0296875 0.04140625
0 0.67109375 0.89375 0.0265625 0.03359375
0 0.48671875 0.71953125 0.03203125 0.0453125
0 0.3890625 0.61953125 0.0328125 0.04375
0 0.25078125 0.9078125 0.03671875 0.0484375
0 0.2390625 0.646875 0.034375 0.04609375
0 0.56015625 0.02109375 0.0328125 0.0421875
0 0.96484375 0.78359375 0.03046875 0.0390625
0 0.17578125 0.04609375 0.0359375 0.04453125
0 0.40859375 0.8375 0.025 0.05078125
0 0.40078125 0.884375 0.03046875 0.04765625
0 0.1375 0.96640625 0.03203125 0.0375
0 0.87734375 0.64609375 0.03359375 0.03828125
0 0.084375 0.66171875 0.034375 0.046875
0 0.3359375 0.02421875 0.034375 0.04453125
0 0.1578125 0.30859375 0.03046875 0.0421875
0 0.22265625 0.50703125 0.02734375 0.03515625
0 0.34765625 0.215625 0.0328125 0.040625
0 0.58203125 0.20390625 0.0296875 0.04296875
0 0.721875 0.5890625 0.0328125 0.03984375
0 0.7765625 0.4390625 0.0296875 0.0390625
0 0.88203125 0.6140625 0.03046875 0.0375
0 0.959375 0.803125 0.0296875 0.03515625
0 0.79921875 0.83671875 0.025 0.03359375
0 0.66484375 0.9125 0.0296875 0.0328125
0 0.728125 0.2625 0.03125 0.0421875
0 0.72421875 0.11953125 0.02890625 0.034375
0 0.08671875 0.40859375 0.0328125 0.04375
0 0.15 0.7703125 0.034375 0.04296875