0 0.45234375 0.33828125 0.0265625 0.03125
0 0.4609375 0.46328125 0.028125 0.034375
0 0.471875 0.54921875 0.03046875 0.03515625
0 0.559375 0.596875 0.02734375 0.03828125
0 0.5765625 0.44375 0.03125 0.0375
0 0.58046875 0.19765625 0.02734375 0.03671875
0 0.48125 0.134375 0.02578125 0.03359375
0 0.65078125 0.0484375 0.02890625 0.03828125
0 0.6796875 0.1359375 0.0265625 0.03359375
0 0.72109375 0.1984375 0.028125 0.04140625
0 0.39453125 0.08203125 0.02421875 0.034375
0 0.38203125 0.44140625 0.02734375 0.0359375
0 0.33203125 0.65703125 0.0328125 0.040625
0 0.4109375 0.7453125 0.03203125 0.04609375
0 0.60390625 0.72734375 0.0375 0.03828125
0 0.62265625 0.6578125 0.03359375 0.02890625
0 0.76015625 0.5859375 0.03125 0.040625
0 0.70625 0.5546875 0.03125 0.0390625
0 0.6375 0.496875 0.02890625 0.03671875
0 0.33203125 0.5265625 0.0265625 0.0359375
0 0.2625 0.771875 0.03515625 0.04453125
0 0.46875 0.77890625 0.03046875 0.04453125
0 0.57890625 0.85625 0.0359375 0.05234375
0 0.70859375 0.34140625 0.02890625 0.034375
0 0.1890625 0.65859375 0.03828125 0.04765625
0 0.59453125 0.3171875 0.028125 0.0375
0 0.57265625 0.18984375 0.02578125 0.0328125
0 0.56796875 0.29296875 0.02421875 0.025
0 0.721875 0.346875 0.028125 0.0328125
0 0.628125 0.46484375 0.02578125 0.0328125
0 0.57109375 0.61015625 0.02734375 0.03359375
0 0.78671875 0.596875 0.03046875 0.03828125
0 0.84453125 0.72578125 0.0296875 0.04453125
0 0.48828125 0.93046875 0.0296875 0.04140625
0 0.50546875 0.95 0.0296875 0.040625
0 0.378125 0.91015625 0.0296875 0.0421875
0 0.40703125 0.8921875 0.03125 0.040625
0 0.278125 0.58125 0.0296875 0.0375
0 0.27421875 0.56328125 0.03046875 0.03671875
0 0.32890625 0.4640625 0.028125 0.0375
0 0.46484375 0.125 0.028125 0.0359375
0 0.3671875 0.078125 0.02421875 0.03359375
0 0.49296875 0.78828125 0.0296875 0.04375
0 0.878125 0.18125 0.02734375 0.0390625
0 0.94375 0.19921875 0.028125 0.03515625