0 0.46015625 0.41015625 0.03046875 0.0359375
0 0.53828125 0.3625 0.02734375 0.03359375
0 0.61328125 0.42734375 0.03046875 0.03125
0 0.621875 0.30078125 0.02890625 0.0328125
0 0.43125 0.5890625 0.02890625 0.0328125
0 0.5296875 0.11015625 0.02421875 0.0296875
0 0.65625 0.0921875 0.02734375 0.0328125
0 0.675 0.121875 0.0265625 0.034375
0 0.62890625 0.0796875 0.03046875 0.03828125
0 0.6046875 0.28203125 0.02421875 0.03046875
0 0.72421875 0.3421875 0.0296875 0.02890625
0 0.73984375 0.35 0.02421875 0.034375
0 0.76328125 0.36875 0.02734375 0.0296875
0 0.79375 0.38203125 0.02734375 0.02578125
0 0.63515625 0.44375 0.028125 0.0359375
0 0.51953125 0.3640625 0.02734375 0.03515625
0 0.44921875 0.42578125 0.02734375 0.03359375
0 0.40859375 0.534375 0.02421875 0.0359375
0 0.40703125 0.5734375 0.0234375 0.03203125
0 0.52109375 0.53125 0.0234375 0.0328125
0 0.53125 0.55234375 0.021875 0.03046875
0 0.5546875 0.5515625 0.0265625 0.0296875
0 0.57734375 0.57109375 0.02890625 0.0328125
0 0.38125 0.265625 0.0296875 0.0375
0 0.49609375 0.27109375 0.02890625 0.03125
0 0.45234375 0.11875 0.02109375 0.03125
0 0.428125 0.1421875 0.021875 0.0265625
0 0.57734375 0.2046875 0.03125 0.03359375
0 0.57109375 0.26640625 0.0234375 0.028125
0 0.5953125 0.2203125 0.02890625 0.034375
0 0.51328125 0.6828125 0.02890625 0.03515625
0 0.53125 0.6953125 0.02890625 0.0328125
0 0.5390625 0.740625 0.0234375 0.03046875
0 0.46484375 0.76953125 0.02890625 0.034375
0 0.5390625 0.84921875 0.03046875 0.0359375
0 0.53828125 0.8703125 0.0265625 0.03359375
0 0.61171875 0.91484375 0.03046875 0.03203125
0 0.53671875 0.96640625 0.03125 0.0421875
0 0.49921875 0.95546875 0.025 0.0375
0 0.43828125 0.8015625 0.01953125 0.03125
0 0.40703125 0.7453125 0.0234375 0.0265625
0 0.37421875 0.6921875 0.021875 0.02890625
0 0.3140625 0.62578125 0.01953125 0.02890625
0 0.4265625 0.90546875 0.0265625 0.0359375
0 0.37890625 0.9109375 0.00625 0.00078125